2017 06 29
300146
600758
601966
002640
002055
300308
600570
300657
000050
000786
600477
002195
600828

2017 06 28
002346
000025
002695
300645
000912
601011
600309
600686
300153
600112
600230
600392

002230
002302

2017 06 27
300467
000960
603030
000670
002824
002061



2017 6 2
002785
002806
300479
002809 ？？
300374
300407
300371
002655
002800
300491
600552

2017 06 05
300084
603169
000635
300479
300225


2017 06 06 
002835
000504
002802
002722


2017 06 07
002148
002795
300526
000880
603528
002823
002822
300611
603098
300555
002771
300546
300549
002805
603007

2017 06 08
300515
002824

000505
002163
603528
603007


002350？？？


2017 06 09
600173
002231
600876
002558
002077
600821
000720
000605

002415
600550
600406 ？？？？


